2048 2048
  1000 1855 50 222
! 2 37 31 222
" 34 37 78 79
# 113 36 171 223
$ 285 1 143 290
% 429 33 200 229
& 630 33 179 229
' 810 37 31 77
( 842 10 83 320
) 926 10 83 320
* 1010 94 109 106
+ 1120 75 152 162
, 1273 225 42 73
- 1316 153 90 24
. 1407 228 31 31
/ 1439 37 119 241
0 1559 33 142 229
1 1702 33 80 226
2 1783 34 140 225
3 1 331 141 229
4 143 335 156 222
5 300 335 136 225
6 437 331 142 229
7 580 335 148 223
8 729 331 145 229
9 875 331 141 229
: 1017 393 31 164
; 1049 392 42 204
< 1092 402 125 139
= 1218 407 127 88
> 1346 405 131 139
? 1478 332 127 225
@ 1606 339 248 287
A 1855 335 186 222
B 1 631 162 222
C 164 627 169 229
D 334 631 167 222
E 502 631 137 222
F 640 631 140 222
G 781 627 168 229
H 950 631 169 222
I 1120 631 31 222
J 1152 631 135 225
K 1288 631 170 222
L 1459 631 139 222
M 1599 631 220 222
N 1820 631 169 222
O 1 857 179 229
P 181 861 161 222
Q 343 857 193 248
R 537 861 161 222
S 699 857 158 229
T 858 861 176 223
U 1035 861 168 225
V 1204 861 192 222
W 1397 861 259 222
X 1657 861 180 222
Y 1838 861 186 222
Z 1 1137 158 222
[ 160 1106 59 301
\ 220 1137 123 241
] 344 1106 60 301
^ 405 1137 112 111
_ 518 1358 141 24
` 660 1127 63 41
a 724 1191 139 171
b 864 1121 142 241
c 1007 1191 135 171
d 1143 1121 140 241
e 1284 1191 137 171
f 1422 1117 101 242
g 1524 1192 140 234
h 1665 1121 135 238
i 1801 1121 31 238
j 1833 1122 67 304
k 1901 1121 137 238
l 1 1427 31 238
m 33 1497 230 168
n 264 1497 135 168
o 400 1497 148 171
p 549 1497 141 231
q 691 1496 139 232
r 831 1497 83 168
s 915 1497 132 171
t 1048 1460 90 208
u 1139 1500 135 168
v 1275 1500 146 165
w 1422 1500 224 165
x 1647 1500 143 165
y 1791 1500 150 232
z 1 1812 131 165
{ 133 1733 93 300
| 227 1755 31 263
} 259 1733 94 300
~ 354 1855 174 61
